7
19
57
6
28
127
51
150
4
74
124
71
137
157
125
13
89
138
64
95
16
81
113
94
146
179
177
111
136
22
99
145
186
56
67
131
103
144
83
183
38
10
166
148
172
158
123
11
14
116
139
120
182
130
66
70
31
1
49
155
163
45
112
176
62
152
75
184
107
33
72
185
54
175
39
35
134
90
164
40
117
181
141
34
78
41
23
110
173
126
52
27
36
143
50
68
76
106
47
180
69
100
25
161
133
44
48
160
60
93
142
140
153
18
21
167
43
97
2
46
114
37
61
105
15
88
101
92
53
159
12
121
115
168
80
170
79
42
65
104
122
154
24
169
149
109
119
129
96
135
82
55
58
84
132
0
63
30
147
151
128
171
91
73
32
102
118
87
178
108
17
59
29
162
8
98
156
20
9
174
3
165
77
26
5
85
86
